intrinsic:
435.359470536834 0 448.261368566957
0 389.357390089995 229.262968861244
0 0 1
distortion:
0.2706 -0.3093 0.0207 0.0337 0.1771 
