intrinsic:
384.057380223505 0 261.226121501473
0 383.240564443812 185.174171357827
0 0 1
distortion:
0.1802 -0.1472 -0.0065 -0.0168 0.0052